1723368997622 0.12307692307692308 8
1723369002496 0.24615384615384617 16
1723369007356 0.36923076923076925 24
1723369012313 0.49230769230769234 32
1723369017278 0.6153846153846154 40
1723369022213 0.7384615384615385 48
1723369027144 0.8615384615384616 56
1723369032006 0.9846153846153847 64
1723369035687 1.0 65
1723369040018 1.1076923076923078 72
1723369044917 1.2307692307692308 80
1723369049842 1.353846153846154 88
1723369054793 1.476923076923077 96
1723369059728 1.6 104
1723369064617 1.7230769230769232 112
1723369069524 1.8461538461538463 120
1723369074388 1.9692307692307693 128
1723369078303 2.0 130
1723369081963 2.0923076923076924 136
1723369086831 2.2153846153846155 144
1723369091705 2.3384615384615386 152
1723369096574 2.4615384615384617 160
1723369101442 2.5846153846153848 168
1723369106308 2.707692307692308 176
1723369111173 2.830769230769231 184
1723369116039 2.953846153846154 192
1723369121222 3.0 195
1723369121224 3.0 195
