1723368997622 3.673035144805908 8
1723369002496 5.704037666320801 16
1723369007356 5.690758228302002 24
1723369012313 5.922680377960205 32
1723369017278 5.998155117034912 40
1723369022213 8.489724159240723 48
1723369027144 7.298796653747559 56
1723369032006 7.074934482574463 64
1723369040018 7.4273552894592285 72
1723369044917 8.054868698120117 80
1723369049842 8.736045837402344 88
1723369054793 9.106907844543457 96
1723369059728 9.926828384399414 104
1723369064617 8.596658706665039 112
1723369069524 7.677235126495361 120
1723369074388 8.041313171386719 128
1723369081963 9.47067928314209 136
1723369086831 8.743422508239746 144
1723369091705 7.878013610839844 152
1723369096574 9.015435218811035 160
1723369101442 9.403468132019043 168
1723369106308 8.231706619262695 176
1723369111173 9.480032920837402 184
1723369116039 9.332048416137695 192
