1723368997622 4.7948717948717955e-05 8
1723369002496 4.5897435897435895e-05 16
1723369007356 4.384615384615385e-05 24
1723369012313 4.17948717948718e-05 32
1723369017278 3.974358974358974e-05 40
1723369022213 3.769230769230769e-05 48
1723369027144 3.5641025641025646e-05 56
1723369032006 3.358974358974359e-05 64
1723369040018 3.153846153846154e-05 72
1723369044917 2.948717948717949e-05 80
1723369049842 2.743589743589744e-05 88
1723369054793 2.5384615384615383e-05 96
1723369059728 2.3333333333333336e-05 104
1723369064617 2.1282051282051282e-05 112
1723369069524 1.923076923076923e-05 120
1723369074388 1.717948717948718e-05 128
1723369081963 1.5128205128205129e-05 136
1723369086831 1.3076923076923078e-05 144
1723369091705 1.1025641025641026e-05 152
1723369096574 8.974358974358976e-06 160
1723369101442 6.923076923076923e-06 168
1723369106308 4.871794871794872e-06 176
1723369111173 2.8205128205128207e-06 184
1723369116039 7.692307692307694e-07 192
