1723368997622 6.55 8
1723369002496 6.2513 16
1723369007356 6.0909 24
1723369012313 5.7589 32
1723369017278 5.5014 40
1723369022213 5.2958 48
1723369027144 4.7901 56
1723369032006 4.9201 64
1723369040018 4.6568 72
1723369044917 4.2375 80
1723369049842 4.1155 88
1723369054793 4.0559 96
1723369059728 4.4835 104
1723369064617 4.1715 112
1723369069524 3.6844 120
1723369074388 4.137 128
1723369081963 3.453 136
1723369086831 3.9585 144
1723369091705 3.6625 152
1723369096574 3.3009 160
1723369101442 3.6542 168
1723369106308 3.4641 176
1723369111173 3.6484 184
1723369116039 3.6433 192
